,txs_daily,txs_cumulative,erc20_transfers_daily,erc20_transfers_cumulative,erc721_transfers_daily,erc721_transfers_cumulative,erc1155_transfers_daily,erc1155_transfers_cumulative,internal_operations_daily,internal_operations_cumulative,contracts_daily,contracts_verified_daily,contracts_verified_cumulative,senders_daily,senders_cumulative,receivers_daily,receivers_cumulative,unique_addresses_daily,addresses_daily,addresses_cumulative,gas_used_daily,gas_used_cumulative,burned_fees_daily,burned_fees_cumulative,tvl_daily,stablecoins_daily
2025-01-01 00:00:00+00:00,1038692,2640586785,1248305,735935375,1023640,33099375,5182,36142465,6719896,11077859966,5523,37.0,152457,368620,275039924,317125,319048005,320842245,451206,320842245,108539934301,208893872150577,2.2446015239624343e+21,9429277406230896392825525,64655338683.366394,111372260672.0
2025-01-02 00:00:00+00:00,1085867,2641672652,1182210,737117585,1419288,34518663,2209,36144674,6205638,11084065604,4949,32.0,152457,400075,275133452,335207,319156303,320951765,488380,320951765,108410360657,209002282511234,2.641458511156167e+21,9431918864742052559874854,67701265656.07144,110637037989.0
2025-01-03 00:00:00+00:00,1238775,2642911427,1381092,738498677,128096,34646759,2931,36147605,7436016,11091501620,5164,44.0,152457,455134,275232829,372572,319271456,321068218,557352,321068218,108628762992,209110911274226,1.5396397546307636e+21,9433458504496683323517779,66970232113.91231,111707969067.0
2025-01-04 00:00:00+00:00,1165788,2644077215,1450270,739948947,92614,34739373,3047,36150652,7912588,11099414208,14274,34.0,152457,440656,275299727,368907,319370301,321168178,539124,321168178,108714013914,209219625288140,1.269820481847904e+21,9434728324978531227691919,69058172785.19708,112777003355.0
2025-01-05 00:00:00+00:00,1141630,2645218845,1448603,741397550,71145,34810518,3179,36153831,7881938,11107296146,4310,32.0,152457,451399,275391397,370660,319472153,321271180,535666,321271180,108166242541,209327791530681,1.0338023722743145e+21,9435762127350805542366103,69560899799.80536,112974263230.0
2025-01-06 00:00:00+00:00,1215944,2646434789,1428174,742825724,48070,34858588,2575,36156406,7850536,11115146682,5867,34.0,152457,435130,275511429,359840,319598948,321399408,523276,321399408,108327784345,209436119315026,1.812883970117132e+21,9437575011320922674457525,70172620161.0594,113266738044.0
2025-01-07 00:00:00+00:00,1213583,2647648372,1427619,744253343,60987,34919575,3337,36159743,7572779,11122719461,5605,47.0,152457,459400,275643891,375707,319698689,321500275,554502,321500275,108718992899,209544838307925,1.391401739781683e+21,9438966413060704357477354,70869953385.15335,113673193157.0
2025-01-08 00:00:00+00:00,1194777,2648843149,1466107,745719450,59374,34978949,3270,36163013,7564730,11130284191,5765,76.0,152457,437423,275750543,354285,319798963,321601683,531258,321601683,107939214464,209652777522389,1.2177544346746196e+21,9440184167495378977057832,65239254391.32674,113215204407.0
2025-01-09 00:00:00+00:00,1202020,2650045169,1441922,747161372,68481,35047430,263644,36426657,7545276,11137829467,5876,49.0,152457,450591,275848773,353546,319896686,321696433,542670,321696433,108405189145,209761182711534,1.0923932052951317e+21,9441276560700674108714029,64558543292.43498,113092445791.0
2025-01-10 00:00:00+00:00,1187160,2651232329,1405434,748566806,59377,35106807,4062,36430719,7668107,11145497574,5822,53.0,152457,457078,275933737,359822,319989205,321789996,550274,321789996,107960632066,209869143343600,9.27255724783642e+20,9442203816425457750797371,64587517995.33502,112919084208.0
2025-01-11 00:00:00+00:00,1124689,2652357018,1473340,750040146,77753,35184560,240348,36671067,7736553,11153234127,8712,41.0,152457,494943,276046993,391644,320061908,321863520,585280,321863520,108976257636,209978119601236,5.0354502020427e+20,9442707361445662020824128,63881718673.35466,113157470800.0
2025-01-12 00:00:00+00:00,1096296,2653453314,1352351,751392497,72168,35256728,83722,36754789,7485264,11160719391,17061,55.0,152457,457079,276185794,362417,320219023,322022409,543704,322022409,108719036293,210086838637529,4.2988475710528985e+20,9443137246202767310679113,63706702883.35211,113113246789.0
2025-01-13 00:00:00+00:00,1214748,2654668062,1458129,752850626,49252,35305980,28492,36783281,7517000,11168236391,7595,32.0,152457,467823,276265420,332253,320316308,322120793,557033,322120793,108247060424,210195085697953,1.11138125237185e+21,9444248627455139160878157,61797869434.27254,113455879285.0
2025-01-14 00:00:00+00:00,1226634,2655894696,1300802,754151428,45679,35351659,6309,36789590,7597404,11175833795,7115,41.0,152457,499130,276333102,357361,320410837,322208720,593655,322208720,108177428684,210303263126637,9.266621115070445e+20,9445175289566646205246555,64124963199.18793,113695381989.0
2025-01-15 00:00:00+00:00,1236203,2657130899,1386763,755538191,45861,35397520,18839,36808429,7621217,11183455012,8247,32.0,152457,479292,276473085,368618,320558559,322358105,573472,322358105,108634938647,210411898065284,1.122669217258776e+21,9446297958783904981281887,63881035263.40743,113861723184.0
2025-01-16 00:00:00+00:00,1244911,2658375810,1349549,756887740,35335,35432855,53281,36861710,7337204,11190792216,6708,39.0,152457,464259,276571949,372331,320673730,322474572,559201,322474572,108607454982,210520505520266,9.452395033608579e+20,9447243198287265839410284,66099942674.67015,114572834190.0
2025-01-17 00:00:00+00:00,1242536,2659618346,1340735,758228475,43913,35476768,608313,37470023,7131219,11197923435,7461,28.0,152457,453163,276688947,361748,320826019,322628578,548397,322628578,108398872609,210628904392875,1.1530720915235007e+21,9448396270378789340277870,67678881461.58891,114755583524.0
2025-01-18 00:00:00+00:00,1236786,2660855132,1365879,759594354,36788,35513556,1759,37471782,7882214,11205805649,5413,17.0,152457,418100,276773816,370741,320923832,322727493,520214,322727493,108098408305,210737002801180,1.9666483134795117e+21,9450362918692268851686532,65261276136.41144,115744355932.0
2025-01-19 00:00:00+00:00,1339126,2662194258,1356422,760950776,23866,35537422,1229,37473011,7542764,11213348413,5192,2.0,152457,452190,276939105,434356,321097068,322902682,590614,322902682,108340582677,210845343383857,4.902196513247224e+21,9455265115205516076084603,64113817413.93587,115131651562.0
2025-01-20 00:00:00+00:00,1388867,2663583125,1281153,762231929,15314,35552736,1627,37474638,7187270,11220535683,5598,11.0,152457,486240,277110242,459061,321309602,323117614,626117,323117614,108381465549,210953724849406,4.4034052260899424e+21,9459668520431606018436493,66754190345.84096,114238045927.0
2025-01-21 00:00:00+00:00,1266038,2664849163,1356724,763588653,27297,35580033,2698,37477336,7609560,11228145243,8055,24.0,152457,499809,277195605,422008,321429270,323226282,610160,323226282,108422801233,211062147650639,1.8339826882886343e+21,9461502503119894653005226,65096663810.27141,113107355681.0
2025-01-22 00:00:00+00:00,1267992,2666117155,1344190,764932843,38749,35618782,3226,37480562,7433037,11235578280,5246,28.0,152457,487568,277307544,411581,321553088,323351488,599781,323351488,108157756757,211170305407396,1.2826489810785814e+21,9462785152100973234449893,65771228850.34491,115287435612.0
2025-01-23 00:00:00+00:00,1275759,2667392914,1339639,766272482,53252,35672034,151123,37631685,7477909,11243056189,5383,40.0,152457,494668,277437119,387713,321701945,323502016,605387,323502016,108944661757,211279250069153,1.520490724456296e+21,9464305642825429530537491,63855094670.61522,115863617159.0
2025-01-24 00:00:00+00:00,1371969,2668764883,1303733,767576215,45454,35717488,6639,37638324,7220694,11250276883,5464,16.0,152457,522732,277594241,424369,321875648,323669412,633869,323669412,108701262624,211387951331777,1.3726409115859063e+21,9465678283737015436799561,66968744129.18047,116402377297.0
2025-01-25 00:00:00+00:00,1407927,2670172810,1278448,768854663,46161,35763649,3010,37641334,7416370,11257693253,5571,25.0,152457,626263,277743430,500257,322093365,323889564,788172,323889564,109193573899,211497144905676,7.920006655962014e+20,9466470284402611638201951,65485495878.56981,116421899110.0
2025-01-26 00:00:00+00:00,1225741,2671398551,1347100,770201763,41941,35805590,3914,37645248,7663045,11265356298,6115,31.0,152457,499599,277892145,413621,322230448,324028180,610229,324028180,108912177309,211606057082985,7.38008646518734e+20,9467208293049130372263543,65678207278.38523,116363457124.0
2025-01-27 00:00:00+00:00,1261385,2672659936,1360804,771562567,32001,35837591,50541,37695789,7638283,11272994581,5424,19.0,152457,452644,278006539,366570,322378062,324177446,555100,324177446,108643721358,211714700804343,1.3346736806193057e+21,9468542966729749677960879,61330195898.63298,116553500503.0
2025-01-28 00:00:00+00:00,1193371,2673853307,1280346,772842913,33111,35870702,662657,38358446,7237340,11280231921,9231,36.0,152457,454233,278115360,354961,322467988,324268379,552701,324268379,109159724509,211823860528852,8.007738012973122e+20,9469343740531046990180036,63224037834.43489,116194848887.0
2025-01-29 00:00:00+00:00,1172137,2675025444,1369446,774212359,45634,35916336,4370,38362816,7397377,11287629298,11586,29.0,152457,455877,278193411,352879,322560046,324361468,548641,324361468,108537799360,211932398328212,5.7814762798404056e+20,9469921888159031030738629,62850023866.96209,116530943977.0
2025-01-30 00:00:00+00:00,1192492,2676217936,1323268,775535627,35423,35951759,8423,38371239,7509545,11295138843,10964,31.0,152457,454968,278300993,357896,322679156,324481912,546671,324481912,108793059272,212041191387484,5.4859503872040246e+20,9470470483197751433195208,64199803891.23403,116893348455.0
2025-01-31 00:00:00+00:00,1189723,2677407659,1344687,776880314,33667,35985426,3780,38375019,7486094,11302624937,21037,28.0,152457,456782,278397590,368399,322776426,324580272,546281,324580272,109594381741,212150785769225,7.25173012971022e+20,9471195656210722455383777,65840482988.17529,117364540996.0
2025-02-01 00:00:00+00:00,1131686,2678539345,1327806,778208120,44063,36029489,3753,38378772,7595729,11310220666,32460,41.0,152457,449553,278513147,374742,322911932,324713143,534984,324713143,109547242223,212260333011448,4.482915628435861e+20,9471643947773566041485033,64433753151.99553,117312157900.0
2025-02-02 00:00:00+00:00,1127249,2679666594,1380142,779588262,37422,36066911,3239,38382011,7816273,11318036939,22842,29.0,152457,406579,278613953,331835,323007681,324809963,493069,324809963,109729560479,212370062571927,1.1432522994026588e+21,9472787200072968700325612,62317273872.26367,117360614933.0
2025-02-03 00:00:00+00:00,1246549,2680913143,1448577,781036839,19309,36086220,1437,38383448,7936974,11325973913,4748,18.0,152457,410146,278718130,346343,323109388,324912808,505443,324912808,111046061134,212481108633061,4.3974791188775934e+21,9477184679191846293761790,54977328823.512665,117257028347.0
2025-02-04 00:00:00+00:00,1323661,2682236804,1672866,782709705,32945,36119165,4838,38388286,9235280,11335209193,14892,54.0,152457,480029,278866113,385113,323287598,325088850,574847,325088850,125500966677,212606609599738,6.618998315332753e+20,9477846579023379569078043,57571412283.85943,117538163591.0
2025-02-05 00:00:00+00:00,1210284,2683447088,1527976,784237681,38617,36157782,724079,39112365,8429149,11343638342,74339,52.0,152457,518628,279002995,419048,323428679,325227339,610054,325227339,130179279829,212736788879567,4.408242590066069e+20,9478287403282386176012068,57913564842.57892,118900042578.0
2025-02-06 00:00:00+00:00,1340976,2684788064,1463848,785701529,48839,36206621,7674,39120039,8554595,11352192937,55863,41.0,152457,567698,279233352,415323,323665377,325466678,663248,325466678,130853565285,212867642444852,4.872323985598233e+20,9478774635680945999408938,58167493773.14848,119853322676.0
2025-02-07 00:00:00+00:00,1330045,2686118109,1546970,787248499,60197,36266818,8146,39128185,8826993,11361019930,47524,35.0,152457,576082,279403011,426208,323847365,325646519,669411,325646519,130172745691,212997815190543,4.2415770043053507e+20,9479198793381376534409012,57116404814.85466,120447299054.0
2025-02-08 00:00:00+00:00,1199487,2687317596,1324230,788572729,40822,36307640,7438,39135623,8118486,11369138416,127982,37.0,152457,608156,279645368,498085,324070580,325869607,704318,325869607,129874942482,213127690133025,2.7623532370017668e+20,9479475028705076711092022,55133526186.81097,121420522044.0
2025-02-09 00:00:00+00:00,1188772,2688506368,1361394,789934123,39456,36347096,8693,39144316,8220182,11377358598,122468,46.0,152457,558572,279894452,466992,324319697,326119665,651500,326119665,130803073734,213258493206759,3.1972462997137706e+20,9479794753335048088153925,56234768076.16235,121234715235.0
2025-02-10 00:00:00+00:00,1350597,2689856965,1605312,791539435,44634,36391730,6646,39150962,8697050,11386055648,67912,144.0,152457,617498,280026091,443490,324451147,326252579,716005,326252579,129477700210,213387970906969,3.8087401095065056e+20,9480175627345998738779985,55912805903.85209,121221209043.0
2025-02-11 00:00:00+00:00,1325569,2691182534,1512196,793051631,49423,36441153,554710,39705672,8512225,11394567873,42956,346.0,152457,519673,280183350,407349,324643299,326446872,613759,326446872,129574425891,213517545332860,4.665906050430011e+20,9480642217951041739911000,57309250005.435486,121230954895.0
2025-02-12 00:00:00+00:00,1269683,2692452217,1402695,794454326,60708,36501861,6165,39711837,8531555,11403099428,73775,902.0,152457,526320,280334085,421908,324828306,326631838,620858,326631838,133402118736,213650947451596,4.2333536496889915e+20,9481065553316010638995298,56395438778.58665,121130441069.0
2025-02-13 00:00:00+00:00,1319379,2693771596,1305109,795759435,89396,36591257,14937,39726774,8514034,11411613462,61460,371.0,152457,528684,280506259,427606,324996793,326797468,631100,326797468,129857612500,213780805064096,4.0978720779796565e+20,9481475340523808604712812,57354319957.75416,122313790595.0
2025-02-14 00:00:00+00:00,1348323,2695119919,1475381,797234816,80635,36671892,9868,39736642,8664704,11420278166,63644,36.0,152457,572834,280668241,443912,325150060,326951385,671699,326951385,129602381502,213910407445598,3.3140461784696553e+20,9481806745141655570247547,57773317850.609344,122522559610.0
2025-02-15 00:00:00+00:00,1169548,2696289467,1183315,798418131,59692,36731584,7845,39744487,7865664,11428143830,164154,13.0,152457,588079,280973227,495982,325486476,327289431,675522,327289431,130048251037,214040455696635,2.1794450597249516e+20,9482024689647628065402752,58019358303.433975,122885266072.0
2025-02-16 00:00:00+00:00,1135312,2697424779,1188680,799606811,76954,36808538,8219,39752706,8106257,11436250087,157496,,152457,598975,281205265,474670,325770324,327571148,688182,327571148,131216574054,214171672270689,2.248609954632149e+20,9482249550643091280293764,57918318230.16021,122916259460.0
2025-02-17 00:00:00+00:00,1354520,2698779299,1430032,801036843,62550,36871088,5090,39757796,8498176,11444748263,73711,779.0,152457,583664,281397461,443206,325929764,327727066,678576,327727066,129563902123,214301236172812,1.4193308083089103e+21,9483668881451400190554040,58615370679.07698,122778414724.0
2025-02-18 00:00:00+00:00,1306536,2700085835,1546051,802582894,94797,36965885,6270,39764066,8949747,11453698010,47923,2352.0,152457,509802,281502221,410534,326045178,327843756,609417,327843756,129585719109,214430821891921,3.941839980577562e+20,9484063065449457946849219,57587277489.56804,122210891092.0
2025-02-19 00:00:00+00:00,1259048,2701344883,1456305,804039199,63605,37029490,5716,39769782,8496974,11462194984,96728,144.0,152457,540747,281735955,447252,326291114,328088172,640207,328088172,130619654334,214561441546255,2.8338890353725692e+20,9484346454352995203805124,58079374605.281845,121812186496.0
2025-02-20 00:00:00+00:00,1329933,2702674816,1414851,805454050,60988,37090478,7866,39777648,8514705,11470709689,87673,752.0,152457,577187,281895557,456414,326491293,328286316,686272,328286316,130580891337,214692022437592,2.9828800132911694e+20,9484644742354324320743364,58542842352.07397,122446981188.0
2025-02-21 00:00:00+00:00,1357615,2704032431,1538001,806992051,56322,37146800,205922,39983570,8869976,11479579665,71586,184.0,152457,556852,282067683,429165,326684753,328481910,662225,328481910,130383736238,214822406173830,5.585611557730841e+20,9485203303510097404882886,59442041662.66168,122404391335.0
2025-02-22 00:00:00+00:00,1187020,2705219451,1363793,808355844,32975,37179775,4504,39988074,8196157,11487775822,148989,42.0,152457,555404,282271916,488446,326939124,328737492,651646,328737492,130905345952,214953311519782,2.7816735302869097e+20,9485481470863126095851463,58082671073.76965,122851009171.0
2025-02-23 00:00:00+00:00,1118895,2706338346,1294761,809650605,36532,37216307,1120065,41108139,8224612,11496000434,151252,52.0,152457,582081,282530797,470712,327202932,329004212,675491,329004212,130974123053,215084285642835,2.9457813091619425e+20,9485776048994042290106312,58920479040.04389,122145575546.0
2025-02-24 00:00:00+00:00,1304696,2707643042,1525483,811176088,28681,37244988,4511,41112650,8878557,11504878991,84584,412.0,152457,559435,282746781,431412,327345505,329147292,657222,329147292,130760826356,215215046469191,4.050718681638412e+20,9486181120862206131302355,57509099990.650406,122235505500.0
2025-02-25 00:00:00+00:00,1399728,2709042770,1795420,812971508,24298,37269286,3795,41116445,9251954,11514130945,20592,224.0,152457,494863,282890851,396641,327497876,329292800,599271,329292800,130304342382,215345350811573,8.060147948312144e+20,9486987135657037345714152,52706278227.742966,122121826327.0
2025-02-26 00:00:00+00:00,1289414,2710332184,1809229,814780737,27912,37297198,5955,41122400,8924835,11523055780,92357,345.0,152457,541329,283071744,434804,327721161,329518539,637356,329518539,130820383337,215476171194910,4.3232992911365e+20,9487419465586150995718129,54220498845.450775,121083870276.0
2025-02-27 00:00:00+00:00,1306328,2711638512,2511053,817291790,39334,37336532,5314,41127714,9393481,11532449261,69867,522.0,152457,522198,283229301,432852,327890786,329681464,631014,329681464,130908505850,215607079700760,2.9441185611726976e+20,9487713877442268265508850,52092059093.23038,120499658322.0
2025-02-28 00:00:00+00:00,1338439,2712976951,2510746,819802536,33209,37369741,3896,41131610,10009624,11542458885,22733,309.0,152457,480498,283353125,387124,328032634,329824866,576814,329824866,130251216837,215737330917597,6.367555110651509e+20,9488350632953333416390672,48051875594.25494,119993550940.0
2025-03-01 00:00:00+00:00,1121640,2714098591,3477913,823280449,59974,37429715,2013512,43145122,9581288,11552040173,87814,47.0,152457,490855,283590997,418035,328295795,330084472,579907,330084472,131117599581,215868448517178,2.564464851287356e+20,9488607079438462151979027,49806916734.03677,120698975225.0
2025-03-02 00:00:00+00:00,1136452,2715235043,1345355,824625804,37612,37467327,25061,43170183,8323029,11560363202,159777,28.0,152457,548388,283849201,488761,328584958,330357443,638877,330357443,130729336797,215999177853975,8.914870733376318e+20,9489498566511799783813155,50762260593.05983,120566476488.0
